PaymentDate,PaymentAmount,Principal,Interest,initialOutstandingPrincipal,remainingOutstandingPrincipal
2018-01-26,219.36,198.52,20.83,5000,4801.48
2018-02-26,219.36,199.35,20.01,4801.48,4602.13
2018-03-26,219.36,200.18,19.18,4602.13,4401.94
2018-04-26,219.36,201.02,18.34,4401.94,4200.93
2018-05-26,219.36,201.85,17.5,4200.93,3999.08
2018-06-26,219.36,202.69,16.66,3999.08,3796.38
2018-07-26,219.36,203.54,15.82,3796.38,3592.84
2018-08-26,219.36,204.39,14.97,3592.84,3388.46
2018-09-26,219.36,205.24,14.12,3388.46,3183.22
2018-10-26,219.36,206.09,13.26,3183.22,2977.12
2018-11-26,219.36,206.95,12.4,2977.12,2770.17
2018-12-26,219.36,207.81,11.54,2770.17,2562.36
2019-01-26,219.36,208.68,10.68,2562.36,2353.68
2019-02-26,219.36,209.55,9.81,2353.68,2144.13
2019-03-26,219.36,210.42,8.93,2144.13,1933.7
2019-04-26,219.36,211.3,8.06,1933.7,1722.4
2019-05-26,219.36,212.18,7.18,1722.4,1510.22
2019-06-26,219.36,213.06,6.29,1510.22,1297.16
2019-07-26,219.36,213.95,5.4,1297.16,1083.21
2019-08-26,219.36,214.84,4.51,1083.21,868.36
2019-09-26,219.36,215.74,3.62,868.36,652.62
2019-10-26,219.36,216.64,2.72,652.62,435.99
2019-11-26,219.36,217.54,1.82,435.99,218.45
2019-12-26,219.36,218.45,0.91,218.45,0
